https://github.com/gudgud96/music-fader-nets/releases/tag/1.0.0

-----------------------------------------------------------------

data_lst.npy
1013개 시퀀스 * 시퀀스마다 다른 길이(이벤트 개수)의 2차원 배열
각 값이 어떤 의미인지는 알 수 없으나, MIDI 이벤트를 숫자로 인코딩한 것으로 보인다.

[array([252, 332,  24, 202, 112,  23, 202, 111], dtype=int64)
 array([277, 227, 332,  54,  55,  63, 277, 265, 142, 143, 151], dtype=int64)
 array([332,  53, 214, 141, 178,  55, 213, 143, 178,  57, 214, 145, 178,
        60, 213, 148, 178,  53, 214, 141, 178,  55, 213, 143, 178,  57,
       214, 145, 178,  60, 213, 148, 178,  65, 214, 153, 178,  60, 213,
       148, 178,  57, 214, 145, 178,  55, 213, 143, 178,  65, 214, 153,
       178,  60, 213, 148, 178,  57, 214, 145, 178,  55, 213, 143],
      dtype=int64)
 ...
 array([341,  21,  33,  45,  52,  60,  76, 202, 164,  72, 202, 109, 121,
       133, 140, 148, 160,  21,  28,  45,  52,  60,  71, 202, 159,  69,
       202, 109, 116, 133, 140, 148, 157,  21,  33,  45,  52,  60,  76,
       202, 164,  72, 202, 109, 133, 140, 148, 160,  21,  45,  52,  60,
        71, 202, 121, 159,  28,  69, 202, 109, 133, 140, 148, 116, 157,
        20,  29,  44,  53,  56,  72, 202, 117, 160,  31,  68, 202, 108,
       132, 141, 144, 119, 156,  20,  32,  44,  53,  56,  67, 202, 155,
        65, 202, 108, 120, 132, 141, 144, 153,  20,  32,  44,  53,  56,
        72, 202, 120, 160,  34,  68, 202, 108, 132, 141, 144, 122, 156,
        20,  36,  44,  53,  56,  67, 202, 155,  65, 202, 108, 124, 132,
       141, 144, 153], dtype=int64)
 array([341,  21,  33,  45,  52,  60,  76, 202, 164,  72, 202, 109, 121,
       133, 140, 148, 160,  21,  28,  45,  52,  60,  71, 202, 159,  69,
       202, 109, 116, 133, 140, 148, 157,  21,  33,  45,  52,  60,  76,
       202, 164,  72, 202, 109, 133, 140, 148, 160,  21,  45,  52,  60,
        71, 202, 121, 159,  28,  69, 202, 109, 133, 140, 148, 116, 157,
        19,  27,  43,  51,  58,  67, 202, 115, 155,  29,  70, 202, 107,
       131, 139, 146, 117, 158,  19,  31,  43,  51,  58,  75, 202, 119,
       163,  32,  70, 202, 107, 131, 139, 146, 120, 158,  19,  34,  43,
        51,  58,  67, 202, 122, 155,  36,  70, 202, 107, 131, 139, 146,
       124, 158,  19,  37,  43,  51,  58,  75, 202, 125, 163,  39,  70,
       202, 107, 131, 139, 146, 127, 158], dtype=int64)
 array([341,  21,  33,  45,  52,  60,  76, 202, 164,  72, 202, 109, 121,
       133, 140, 148, 160,  21,  28,  45,  52,  60,  71, 202, 159,  69,
       202, 109, 116, 133, 140, 148, 157,  21,  33,  45,  52,  60,  76,
       202, 164,  72, 202, 109, 133, 140, 148, 160,  21,  45,  52,  60,
        71, 202, 121, 159,  28,  69, 202, 109, 133, 140, 148, 116, 157,
        20,  29,  44,  53,  56,  72, 202, 117, 160,  31,  68, 202, 108,
       132, 141, 144, 119, 156,  20,  32,  44,  53,  56,  67, 202, 155,
        65, 202, 108, 120, 132, 141, 144, 153,  20,  32,  44,  53,  56,
        72, 202, 120, 160,  34,  68, 202, 108, 132, 141, 144, 122, 156,
        20,  36,  44,  53,  56,  67, 202, 155,  65, 202, 108, 124, 132,
       141, 144, 153], dtype=int64)]

-----------------------------------------------------------------

rhythm_lst.npy
1013 * 시퀀스 고유 길이의 2차원 배열
0, 1, 2 중 하나의 값을 가진다.
(0과 2는 각각 playing, silence 중 하나일 텐데, 어떻게 매핑되는지 아직 모름)
1은 onset을 의미한다.
우리가 잘 아는 rhythm density 벡터이다.

[array([0, 0, 0, 0, 0, 0, 1, 0, 1, 0, 0, 0], dtype=int64)
 array([0, 0, 0, 0, 0, 0, 0, 0, 0, 0, 0, 0, 1, 2, 2, 2, 2, 2, 2, 2, 2, 2,
       2, 2, 2, 2, 2, 0], dtype=int64)
 array([1, 2, 0, 1, 2, 0, 1, 2, 0, 1, 2, 0, 1, 2, 0, 1, 2, 0, 1, 2, 0, 1,
       2, 0, 1, 2, 0, 1, 2, 0, 1, 2, 0, 1, 2, 0, 1, 2, 0, 1, 2, 0, 1, 2,
       0, 1, 2, 0], dtype=int64)
 ...
 array([1, 2, 1, 2, 1, 2, 1, 2, 1, 2, 1, 2, 1, 2, 1, 2, 1, 2, 1, 2, 1, 2,
       1, 2, 1, 2, 1, 2, 1, 2, 1, 2], dtype=int64)
 array([1, 2, 1, 2, 1, 2, 1, 2, 1, 2, 1, 2, 1, 2, 1, 2, 1, 2, 1, 2, 1, 2,
       1, 2, 1, 2, 1, 2, 1, 2, 1, 2], dtype=int64)
 array([1, 2, 1, 2, 1, 2, 1, 2, 1, 2, 1, 2, 1, 2, 1, 2, 1, 2, 1, 2, 1, 2,
       1, 2, 1, 2, 1, 2, 1, 2, 1, 2], dtype=int64)]

-------------------------------------------------------------------

note_lst.npy
1013 * 시퀀스 고유 길이의 2차원 배열
0 ~ 15 사이의 값을 가질 것으로 추정된다.
우리가 잘 아는 note density 벡터이다.

[array([0, 0, 0, 0, 0, 0, 1, 0, 1, 0, 0, 0], dtype=int64)
 array([0, 0, 0, 0, 0, 0, 0, 0, 0, 0, 0, 0, 3, 3, 3, 3, 3, 3, 3, 3, 3, 3,
       3, 3, 3, 3, 3, 0], dtype=int64)
 array([1, 1, 0, 1, 1, 0, 1, 1, 0, 1, 1, 0, 1, 1, 0, 1, 1, 0, 1, 1, 0, 1,
       1, 0, 1, 1, 0, 1, 1, 0, 1, 1, 0, 1, 1, 0, 1, 1, 0, 1, 1, 0, 1, 1,
       0, 1, 1, 0], dtype=int64)
 ...
 array([6, 6, 6, 2, 6, 6, 6, 2, 6, 6, 6, 2, 6, 6, 6, 6, 6, 6, 6, 2, 6, 6,
       6, 1, 6, 6, 6, 2, 6, 6, 6, 6], dtype=int64)
 array([6, 6, 6, 2, 6, 6, 6, 2, 6, 6, 6, 2, 6, 6, 6, 6, 6, 6, 6, 2, 6, 6,
       6, 2, 6, 6, 6, 2, 6, 6, 6, 6], dtype=int64)
 array([6, 6, 6, 2, 6, 6, 6, 2, 6, 6, 6, 2, 6, 6, 6, 6, 6, 6, 6, 2, 6, 6,
       6, 1, 6, 6, 6, 2, 6, 6, 6, 6], dtype=int64)]

----------------------------------------------------------------------

arousal_lst.npy
길이가 1013인 1차원 배열
-1 ~ 1 사이의 값을 가진다.
각 값은 한 시퀀스에 대한 것이다.
우리가 잘 아는 arousal 레이블 데이터이다.

[-0.14166667 -0.151      -0.23116667 ...  0.24689655  0.24293103
  0.2912069 ]

-----------------------------------------------------------------

valence_lst.npy
길이가 1013인 1차원 배열
-1 ~ 1 사이의 값을 가진다.
각 값은 한 시퀀스에 대한 것이다.
우리가 잘 아는 valence 레이블 데이터이다.

[-0.2085     -0.20416667  0.1585     ... -0.19241379 -0.14
 -0.1437931 ]

-------------------------------------------------------------

chroma_lst.npy
1013 * 24의 2차원 배열
one-hot encoding되어 있다.
1이 놓인 위치는 24개의 장/단조 key 중 하나를 나타낸다.
위치(0 ~ 23)를 12로 나눈 몫이 0이면 장조, 1이면 단조이다.
위치를 12로 나눈 나머지가 0이면 C, 1이면 C#(Db), ..., 11이면 B이다.

[[0. 0. 0. 0. 0. 0. 0. 0. 0. 0. 0. 0. 0. 0. 0. 0. 1. 0. 0. 0. 0. 0. 0. 0.]
 [0. 0. 0. 0. 0. 0. 1. 0. 0. 0. 0. 0. 0. 0. 0. 0. 0. 0. 0. 0. 0. 0. 0. 0.]
 [1. 0. 0. 0. 0. 0. 0. 0. 0. 0. 0. 0. 0. 0. 0. 0. 0. 0. 0. 0. 0. 0. 0. 0.]
 ...
 [0. 0. 0. 0. 0. 0. 0. 0. 0. 0. 0. 1. 0. 0. 0. 0. 0. 0. 0. 0. 0. 0. 0. 0.]
 [1. 0. 0. 0. 0. 0. 0. 0. 0. 0. 0. 0. 0. 0. 0. 0. 0. 0. 0. 0. 0. 0. 0. 0.]
 [0. 0. 0. 0. 0. 0. 0. 0. 0. 0. 0. 1. 0. 0. 0. 0. 0. 0. 0. 0. 0. 0. 0. 0.]]0. 0. 0. 0. 0. 0. 0. 0. 0. 0. 0. 0. 0. 0.]
 [0. 0. 0. 0. 0. 0. 0. 0. 0. 0. 0. 1. 0. 0. 0. 0. 0. 0. 0. 0. 0. 0. 0. 0.]]